0.668769
0.256737
0.800341
1.398434
1.788992
6.042917
5.141209
5.242106
5.347355
5.449884
5.959178
6.058964
6.163985
6.265422
0.419954
0.517179
1.071363
7.655305
7.653254
7.653165
7.655158
7.652903
7.651915
7.651612
7.765225
7.864385
7.140321
8.056391
1.429007
1.430463
1.432913
1.539945
1.64555
1.752512
1.85935
1.965728
1.971604
1.977063
1.98316
1.987415
1.985276
1.985443
1.987792
2.030684
2.132663
2.231675
2.33358
2.429158
2.532599
2.628324
2.728796
2.826863
2.928013
3.023818
3.126842
3.221921
3.319816
3.419447
3.515833
3.614923
3.713149
3.812686
3.911917
3.968981
3.969222
3.964468
3.964856
3.966439
3.966142
3.967113
3.968707
3.966667
3.968962
3.969474
3.968976
3.970778
3.968745
3.966835
3.967023
3.962453
3.96474
3.962966
3.96123
3.961302
3.958764
3.961392
3.962466
3.959937
3.960006
3.958092
3.958926
3.959196
3.957192
3.957624
3.960632
3.960149
3.963467
3.962113
3.96529
3.966442
3.965787
3.968105
3.97087
3.970877
3.975594
3.973524
3.971591
3.975625
3.977098
3.979719
3.979167
3.981431
3.983107
3.980585
3.976792
3.978516
3.97823
3.977381
3.974848
3.973567
3.974706
3.972498
3.970626
3.972042
3.969725
3.970994
3.968628
3.968465
3.967916
3.969255
3.966702
3.96718
3.96622
3.966461
3.966714
3.967011
3.966602
3.966135
3.96722
3.966929
3.967597
3.966236
3.965436
3.965518
3.965258
3.963317
