0.941248
1.681297
1.584528
1.58803
1.69687
3.312553
2.311712
2.318629
2.323154
2.382034
3.993261
3.087747
3.192049
3.291065
3.397257
5.007594
4.107969
4.212382
4.312885
4.418948
4.924092
5.02731
5.128542
5.235366
3.953979
4.052761
4.156898
4.253851
4.356341
4.452964
4.549598
4.646602
4.743956
4.793638
4.793699
4.795402
4.792583
4.795968
4.795609
4.79873
4.792696
4.791287
4.791002
4.792273
3.97593
3.974194
3.975322
3.973388
3.972035
3.972786
3.971227
3.970767
3.968537
3.968364
3.966827
3.969411
3.968479
3.977812
3.975648
3.976128
3.976414
3.975009
3.973277
3.971956
3.970327
3.96854
3.965426
3.970237
3.96966
3.966807
3.970372
3.968007
3.967273
3.970334
3.970176
3.966053
3.968912
3.958647
3.962065
3.961395
3.959853
3.959045
3.962769
3.962779
3.961082
3.962843
3.962643
3.962031
3.963855
3.963734
3.962922
3.966572
3.960856
3.959615
3.962333
3.960667
3.959341
3.956995
3.959482
3.958155
3.958719
3.959097
3.95687
3.958417
3.958493
3.957633
3.957852
3.958602
3.955883
3.956223
3.959541
3.957613
3.961343
3.959995
3.959899
3.959734
3.960812
3.962922
3.958571
3.960912
3.961177
3.963239
3.96289
3.962569
3.965247
3.962857
3.962503
3.963844
3.96517
3.964127
3.962892
3.963632
3.964916
3.965735
3.969219
3.969528
3.9703
3.969309
3.971877
3.971939
3.97303
3.972429
3.975407
3.973853
3.973201
3.972812
3.9725
3.972706
3.971974
3.972173
3.973287
3.9708
3.972697
3.971449
3.96927
3.967959
3.966721
3.967843
3.967526
3.964603
3.96517
3.965707
3.963288
3.963241
3.964806
3.965746
3.966743
3.962719
3.961781
3.963587
3.963098
3.962415
3.959704
3.96139
3.959798
3.960205
3.960423
3.961366
3.960565
3.960658
3.959925
3.960037
3.963204
3.962106
3.960909
3.961483
3.964013
3.962771
3.965586
